451,128
25,22
84,15
84,42
84,17
506,3
506,2
506,1
506,0
505,3
505,2
505,1
505,0
504,3
504,2
504,1
504,0
24,4
148,4
25,25
78,8
503,3
503,2
503,1
503,0
451,67
494,6
0,350
0,349
4,0
0,348
0,342
0,340
0,339
0,337
0,336
0,334
0,331
0,330
0,329
0,328
0,327
0,326
0,322
0,318
0,316
0,309
0,243
0,310
0,305
408,1
408,3
408,0
407,1
407,3
407,0
406,1
406,3
406,0
405,1
405,3
405,0
404,1
404,3
404,0
403,1
403,3
403,0
402,1
402,3
402,0
401,1
401,3
0,351
401,0
400,1
400,3
400,0
399,1
399,3
399,0
397,1
397,3
397,0
398,1
398,3
398,0
393,1
393,3
393,0
392,1
392,3
392,0
391,1
391,3
391,0
390,1
390,3
390,0
389,1
389,3
389,0
388,1
388,3
388,0
387,1
387,3
387,0
386,1
386,3
386,0
385,1
385,3
385,0
384,1
384,3
384,0
383,1
383,3
0,481
0,335
383,0
0,354
0,9
0,398
0,388
0,487
0,469
0,455
0,450
0,446
0,432
0,452
0,453
0,474
0,463
0,423
0,464
0,377
0,308
0,304
0,303
0,302
0,307
0,444
0,12
0,373
0,10
0,421
0,8
0,0
0,368
0,300
0,433
0,299
0,397
0,298
0,414
0,297
0,323
0,296
0,420
0,295
0,502
0,294
0,325
0,293
0,488
0,292
0,394
0,291
0,324
0,290
0,499
0,289
0,389
0,288
0,486
0,287
0,382
0,286
0,390
0,285
0,321
0,284
0,393
0,283
0,459
0,282
0,379
0,281
0,416
0,280
0,490
0,279
0,441
0,278
0,301
0,277
0,408
4,3
4,1
0,353
1,3
0,356
2,3
0,360
2,109
0,361
2,1
2,12
0,374
0,380
0,381
0,387
0,401
0,437
0,443
0,447
0,449
0,451
0,456
0,457
0,460
0,466
0,467
0,476
0,478
0,482
0,483
0,492
0,506
0,507
1,2
1,4
1,6
2,2
2,4
2,6
2,7
2,9
2,10
2,13
2,15
2,16
2,18
2,19
2,21
2,23
2,24
2,26
2,27
2,29
2,31
2,32
2,34
2,35
2,65
2,66
2,68
2,70
2,71
2,73
2,74
2,76
2,78
2,79
2,81
2,82
2,84
2,85
2,87
2,89
2,90
2,92
2,93
2,95
2,97
2,98
2,100
2,101
2,103
2,104
2,106
2,108
2,110
2,112
2,113
3,0
3,2
3,3
3,5
3,6
24,0
24,2
24,3
24,5
24,6
25,0
25,1
25,3
25,5
25,6
25,8
25,9
25,11
25,13
25,14
25,16
25,17
25,19
25,20
25,24
26,0
26,2
26,3
26,5
26,7
26,8
26,10
26,11
26,13
26,14
26,16
26,18
26,19
27,0
27,1
27,3
27,5
27,6
27,8
27,9
27,11
27,12
27,14
27,16
27,17
27,19
27,20
27,22
27,24
27,25
28,1
28,2
28,4
28,6
28,7
29,1
29,2
29,4
30,0
30,2
30,4
30,5
31,0
31,1
31,3
32,0
32,1
32,3
32,4
32,6
32,7
33,0
33,2
33,3
33,5
33,6
34,0
34,2
34,3
34,5
35,0
35,2
35,3
35,5
35,7
36,0
36,2
36,3
36,5
36,7
36,8
37,0
37,1
37,3
37,5
38,0
38,2
38,3
39,0
39,1
39,3
40,0
40,1
40,3
40,4
41,0
41,2
41,3
41,5
42,0
42,2
42,3
42,5
43,1
43,2
43,4
43,5
43,7
43,9
43,10
43,12
44,0
44,2
44,3
45,0
45,2
45,3
45,5
45,6
45,8
46,1
46,2
47,0
47,1
47,3
47,4
48,1
48,3
48,4
48,6
49,0
49,2
49,4
49,5
49,7
50,0
50,2
50,4
50,5
51,0
51,1
51,3
51,4
51,6
52,0
52,1
52,3
52,4
53,0
53,2
53,3
53,5
54,0
54,2
54,3
54,5
55,0
55,1
55,3
55,4
56,0
56,2
56,3
56,5
56,6
57,1
57,2
57,4
57,6
58,0
58,2
58,3
58,5
59,0
59,1
59,3
59,4
60,1
60,3
60,4
61,1
61,2
61,4
61,5
61,7
62,0
62,1
62,3
62,4
62,6
62,8
62,9
62,11
62,12
62,14
62,15
62,17
63,0
63,1
63,3
63,4
64,1
64,3
64,4
64,6
65,0
65,2
65,3
66,0
66,2
66,3
67,0
67,1
67,3
67,5
67,6
67,8
68,0
68,2
68,4
68,5
69,0
69,1
69,3
69,4
69,6
70,1
70,2
70,4
70,5
71,0
71,2
71,3
71,5
71,6
72,0
72,1
72,3
72,5
72,6
73,0
73,1
73,3
73,5
73,6
74,0
74,1
74,3
74,4
74,6
74,8
75,0
75,2
75,3
75,5
76,1
76,2
76,4
76,5
77,0
77,1
77,3
78,1
78,2
78,4
78,5
78,7
78,9
78,10
79,0
79,1
79,3
79,5
79,6
80,1
80,2
80,4
80,5
81,0
81,2
81,3
81,5
81,6
82,1
82,3
82,4
82,6
83,0
83,2
83,3
83,5
83,7
83,8
83,10
84,0
84,2
84,4
84,5
84,7
84,8
84,10
84,11
84,13
84,16
84,18
84,19
84,21
84,23
84,24
84,26
84,27
84,29
84,31
84,32
84,34
84,35
84,37
84,38
84,40
85,0
85,1
85,3
85,4
85,6
86,1
86,2
86,4
86,5
87,1
87,2
88,0
88,2
88,3
89,1
89,2
89,4
90,1
90,2
90,4
90,5
90,7
91,0
91,2
91,4
91,5
91,7
91,8
92,0
92,2
92,3
93,0
93,1
93,3
93,4
94,1
94,3
94,4
95,1
95,2
95,4
95,6
95,7
96,1
96,2
96,4
96,6
97,0
97,2
97,3
98,0
98,1
98,3
99,1
99,2
100,0
100,1
100,3
101,0
101,1
101,3
102,0
102,2
102,3
103,0
103,2
103,3
104,0
104,1
104,3
105,0
105,1
105,3
105,4
106,1
106,2
107,0
107,2
107,3
108,1
108,2
108,4
109,1
109,2
109,4
110,0
110,2
110,4
111,0
111,2
111,3
112,0
112,1
112,3
113,0
113,1
113,3
113,4
114,1
114,3
114,4
115,0
115,1
115,3
115,4
115,6
116,0
116,1
116,3
116,4
116,6
117,1
117,2
117,4
117,5
118,1
118,2
118,4
118,6
118,7
118,9
118,10
119,0
119,2
119,3
119,5
119,6
119,8
119,9
120,1
120,3
120,4
120,6
120,7
120,9
121,1
121,2
121,4
121,5
121,7
121,9
122,0
122,2
122,3
122,5
122,6
122,8
122,10
122,11
123,1
123,2
123,4
123,6
123,7
123,9
123,10
123,12
124,0
124,2
124,4
125,0
125,2
125,3
125,5
126,0
126,1
126,3
127,0
127,2
127,3
127,5
128,1
128,2
128,4
128,5
128,7
129,1
129,2
129,4
130,0
130,2
130,4
130,5
130,7
131,0
131,2
131,3
131,5
132,1
132,2
132,4
132,5
133,1
133,3
133,4
133,6
134,0
134,2
134,3
134,5
135,1
135,2
135,4
136,0
136,2
136,4
136,5
137,0
137,1
137,3
137,4
138,0
138,2
138,3
139,0
139,1
139,3
139,5
140,0
140,2
140,3
140,5
141,1
141,2
142,0
142,1
142,3
142,4
143,0
143,2
143,3
143,5
144,0
144,2
144,4
144,5
145,1
145,2
145,4
145,5
146,1
146,3
146,4
147,1
147,2
148,0
148,2
148,3
148,5
148,6
148,8
148,9
148,11
148,13
148,14
149,1
149,2
149,4
150,0
150,1
150,3
150,4
151,0
151,1
151,3
152,1
152,2
153,0
153,1
153,3
154,1
154,2
154,4
155,0
155,2
155,4
156,0
156,2
156,3
156,5
156,6
157,1
157,3
157,4
157,6
158,0
158,2
158,4
158,5
159,1
159,2
159,4
160,0
160,2
160,4
160,5
160,7
160,8
160,10
160,12
160,13
161,1
161,2
161,4
161,5
162,0
162,2
162,3
162,5
163,0
163,2
163,4
163,5
163,7
164,0
164,2
164,4
164,5
165,1
165,2
165,4
166,0
166,2
166,4
166,5
167,0
167,1
167,3
168,1
168,2
169,0
169,1
169,3
169,4
169,6
169,8
169,9
170,1
170,2
170,4
171,0
171,1
171,3
171,4
171,6
172,0
172,2
173,0
173,1
173,3
173,4
174,0
174,2
174,3
174,5
174,6
175,0
175,1
175,3
175,5
176,0
176,2
176,3
177,1
177,3
177,4
177,6
177,7
178,1
178,3
178,4
178,6
179,0
179,2
179,3
180,0
180,2
180,3
180,5
180,6
181,1
181,3
181,4
181,6
182,0
182,2
182,3
183,0
183,2
183,3
183,5
183,6
184,0
184,2
184,3
184,5
185,0
185,2
185,3
186,0
186,2
186,3
186,5
187,0
187,2
187,4
188,0
188,2
188,3
188,5
189,0
189,1
189,3
189,4
190,0
190,1
190,3
190,5
190,6
191,1
191,2
191,4
192,1
192,2
192,4
192,5
193,0
193,1
193,3
194,0
194,1
194,3
194,4
195,0
195,2
195,3
195,5
196,0
196,2
196,3
197,0
197,2
197,3
197,5
198,0
198,2
198,4
199,0
199,2
199,3
199,5
200,0
200,2
200,4
201,0
201,2
201,3
202,0
202,2
202,3
202,5
202,6
203,0
203,2
203,3
203,5
203,6
204,1
204,2
205,0
205,2
205,3
205,5
206,0
206,2
206,4
206,5
207,1
207,2
208,0
208,1
208,3
209,0
209,1
209,3
209,4
210,1
210,3
210,4
211,1
211,2
211,4
212,0
212,2
212,4
213,0
213,2
213,3
214,0
214,2
214,3
214,5
215,0
215,2
215,4
215,5
215,7
216,0
216,2
216,3
217,0
217,2
217,3
218,1
218,2
218,4
219,1
219,2
219,4
219,5
220,1
220,2
220,4
220,6
221,0
221,2
221,3
222,0
222,2
222,3
223,0
223,1
223,3
223,4
223,6
224,1
224,2
224,4
224,5
225,1
225,3
225,4
226,0
226,1
226,3
226,5
226,6
227,1
227,2
227,4
227,5
228,1
228,3
228,4
228,6
229,0
229,2
229,4
230,0
230,2
230,3
230,5
230,6
231,1
231,3
231,4
232,0
232,1
232,3
232,5
232,6
233,1
233,2
233,4
233,5
234,1
234,3
234,4
235,0
235,1
235,3
235,5
235,6
235,8
235,9
236,1
236,2
236,4
237,0
237,1
237,3
237,4
238,1
238,3
238,4
239,1
239,2
239,4
240,1
240,2
240,4
240,5
241,0
241,1
241,3
242,0
242,1
242,3
242,4
243,1
243,3
243,4
244,1
244,2
244,4
245,0
245,2
245,4
246,0
246,2
246,3
247,0
247,2
247,3
248,0
248,1
248,3
248,4
249,1
249,3
249,4
250,1
250,2
250,4
251,1
251,2
251,4
252,0
252,2
252,4
253,0
253,2
253,3
254,0
254,1
254,3
254,5
255,0
255,2
255,3
256,0
256,2
256,3
256,5
257,0
257,2
257,3
258,0
258,2
258,3
259,0
259,1
259,3
260,0
260,1
260,3
260,4
261,0
261,1
261,3
261,5
261,6
261,8
262,0
262,2
262,4
262,5
262,7
263,0
263,2
263,3
263,5
263,7
264,0
264,2
264,3
264,5
265,1
265,2
265,4
265,5
266,0
266,2
266,3
266,5
266,6
267,1
267,2
267,4
268,1
268,2
268,4
268,5
268,7
269,1
269,2
269,4
269,5
270,1
270,2
271,0
271,2
271,3
272,1
272,2
272,4
273,1
273,2
273,4
273,5
273,7
274,0
274,2
274,4
274,5
274,7
275,0
275,2
275,4
275,5
275,7
276,0
276,2
276,4
277,0
277,2
277,3
278,0
278,1
278,3
278,5
278,6
279,1
279,2
279,4
280,1
280,2
280,4
280,5
281,1
281,2
281,4
282,1
282,2
282,4
282,5
283,1
283,3
283,4
284,1
284,2
284,4
285,0
285,2
285,4
285,5
286,1
286,2
286,4
287,0
287,1
287,3
287,4
288,0
288,1
288,3
288,5
288,6
289,1
289,2
289,4
289,6
290,0
290,2
290,3
290,5
291,1
291,2
291,4
292,0
292,2
292,3
293,0
293,2
293,3
293,5
293,6
294,1
294,3
294,4
294,6
294,7
295,0
295,1
295,3
295,5
295,6
296,1
296,2
296,4
296,6
297,0
297,2
297,3
297,5
297,6
298,1
298,3
298,4
298,6
299,0
299,2
299,4
300,0
300,2
300,3
300,5
300,7
301,0
301,2
301,3
302,0
302,1
302,3
302,5
302,6
303,1
303,2
303,4
304,1
304,2
304,4
305,0
305,2
305,3
305,5
306,1
306,2
307,0
307,1
307,3
308,0
308,1
308,3
308,4
309,1
309,2
309,4
310,1
310,2
310,4
311,0
311,2
311,4
311,5
312,1
312,2
312,4
312,6
312,7
313,1
313,2
313,4
313,5
314,1
314,3
314,4
315,0
315,1
315,3
315,5
315,6
316,1
316,2
316,4
316,5
317,0
317,2
317,3
318,0
318,1
318,3
319,0
319,1
319,3
319,4
319,6
320,0
320,2
320,4
321,0
321,2
321,3
321,5
321,7
322,0
322,2
322,3
323,0
323,1
323,3
323,5
324,0
324,2
324,3
325,0
325,2
325,3
326,0
326,1
326,3
326,5
326,6
327,0
327,1
327,3
327,4
328,0
328,2
328,3
329,0
329,1
329,3
329,5
329,6
330,1
330,2
330,4
330,5
330,7
331,0
331,1
331,3
331,4
332,0
332,2
332,3
333,0
333,1
333,3
333,4
334,0
334,2
334,3
335,0
335,1
335,3
335,5
336,0
336,2
336,3
337,0
337,2
337,3
338,0
338,1
338,3
338,4
339,1
339,3
339,4
339,6
339,7
340,1
340,3
340,4
341,0
341,1
341,3
341,4
341,6
342,1
342,2
342,4
342,5
343,1
343,3
343,4
343,6
344,0
344,2
344,3
344,5
345,1
345,2
345,4
345,5
346,0
346,2
346,3
346,5
347,0
347,2
347,3
348,0
348,2
348,3
349,1
349,2
349,4
349,6
350,0
350,2
350,3
350,5
351,1
351,2
351,4
352,0
352,2
352,3
353,0
353,2
353,3
353,5
354,0
354,2
354,4
354,5
355,1
355,2
355,4
356,0
356,2
356,4
357,0
357,2
357,3
357,5
358,1
358,2
359,0
359,1
359,3
359,4
360,1
360,3
360,4
360,6
361,0
361,2
361,4
361,5
362,0
362,1
362,3
362,5
363,0
363,2
363,3
363,5
363,6
364,1
364,3
364,4
364,6
364,7
365,0
365,2
365,3
365,5
365,6
366,1
366,2
366,4
367,0
367,1
367,3
367,4
368,0
368,2
368,3
369,0
369,1
369,3
369,4
370,0
370,2
370,3
371,0
371,1
371,3
372,0
372,1
372,3
372,4
372,6
373,0
373,2
373,4
373,5
374,1
374,2
374,4
375,1
375,2
375,4
375,5
376,1
376,3
376,4
376,6
376,7
377,0
377,1
377,3
378,0
378,1
378,3
378,4
378,6
379,1
379,2
379,4
379,5
380,1
380,2
380,4
381,1
381,2
382,0
382,1
382,3
383,2
383,4
383,6
383,7
385,2
385,4
386,4
387,4
387,5
388,2
388,4
389,4
390,4
391,2
391,5
391,6
392,2
393,2
393,4
394,0
394,1
394,3
394,4
395,1
395,3
395,4
397,2
397,4
397,6
399,2
400,2
402,2
403,2
405,2
406,2
408,2
409,1
409,2
409,4
410,0
410,2
410,4
410,5
411,1
411,2
412,0
412,1
412,3
412,5
412,6
413,0
413,1
413,3
414,1
414,2
415,0
415,1
415,3
415,5
415,6
416,1
416,2
416,4
416,5
417,0
417,2
417,3
418,0
418,1
418,3
418,5
418,6
419,1
419,2
419,4
419,5
420,1
420,3
420,4
421,0
421,1
421,3
421,5
422,0
422,2
422,3
423,1
423,2
423,4
424,1
424,2
424,4
424,5
425,1
425,3
425,4
425,6
425,7
426,1
426,2
426,4
427,0
427,1
427,3
427,4
428,0
428,2
428,3
429,1
429,2
429,4
430,0
430,1
430,3
430,4
431,0
431,1
431,3
431,5
432,0
432,2
432,3
432,5
433,1
433,2
433,4
433,5
434,1
434,2
434,4
435,0
435,1
435,3
435,4
436,1
436,3
436,4
437,1
437,2
437,4
437,5
438,1
438,3
438,4
439,0
439,1
439,3
439,5
440,0
440,2
440,3
441,0
441,2
441,3
442,1
442,2
442,4
443,0
443,2
443,4
444,0
444,2
444,3
445,0
445,2
445,3
445,5
446,0
446,2
446,3
447,0
447,2
447,3
448,0
448,1
448,3
449,0
449,1
449,3
449,4
450,1
450,2
450,4
451,1
451,2
451,4
451,5
451,7
451,9
451,10
451,12
451,13
451,15
451,16
451,18
451,20
451,21
451,23
451,24
451,26
451,28
451,29
451,31
451,32
451,34
451,36
451,37
451,39
451,40
451,42
451,43
451,45
451,47
451,48
451,50
451,51
451,53
451,55
451,56
451,58
451,59
451,61
451,62
451,64
451,66
452,0
452,2
452,3
453,1
453,3
453,4
454,1
454,2
455,0
455,1
455,3
455,5
457,0
457,2
457,3
458,1
458,3
458,4
458,6
458,7
458,9
458,11
458,12
458,14
458,15
458,17
458,18
458,20
458,22
458,23
458,25
458,26
458,28
459,1
459,2
459,4
460,0
460,2
460,3
461,0
461,2
461,3
462,1
462,2
463,0
463,2
463,3
464,0
464,1
464,3
464,4
465,1
465,3
465,4
465,6
465,7
466,0
466,2
466,3
467,0
467,1
467,3
468,0
468,2
468,4
468,5
469,0
469,1
469,3
469,5
470,0
470,2
470,3
471,0
471,2
471,3
472,0
472,1
472,3
472,4
473,1
473,3
473,4
474,1
474,2
474,4
475,1
475,2
475,4
476,0
476,2
476,3
477,0
477,2
477,3
478,0
478,1
478,3
479,0
479,1
479,3
479,4
480,1
480,2
480,4
481,1
481,2
481,4
482,0
482,2
482,4
483,0
483,2
483,3
483,5
484,1
484,2
484,4
484,5
485,0
485,1
485,3
485,5
486,0
486,2
486,3
487,0
487,2
487,3
487,5
487,6
488,0
488,1
488,3
488,5
489,0
489,2
489,3
490,0
490,2
490,3
491,1
491,2
492,0
492,1
492,3
493,1
493,2
493,4
493,5
494,1
494,3
494,4
495,0
495,1
495,3
495,5
495,6
496,1
496,2
497,0
497,1
497,3
498,1
498,2
499,0
499,1
499,3
500,1
500,2
501,0
501,1
501,3
502,0
502,2
502,3
502,1
501,2
500,3
500,0
499,2
498,3
498,0
497,2
496,3
496,0
495,4
495,2
494,5
494,2
494,0
493,3
493,0
492,2
491,3
491,0
490,1
489,4
489,1
488,4
488,2
487,7
487,4
487,1
486,4
486,1
485,4
485,2
484,6
484,3
484,0
483,4
483,1
482,3
482,1
481,3
481,0
480,3
480,0
479,2
478,4
478,2
477,4
477,1
476,4
476,1
475,3
475,0
474,3
474,0
473,2
473,0
472,2
471,4
471,1
470,4
470,1
469,4
469,2
468,6
468,3
468,1
467,2
466,4
466,1
465,8
465,5
465,2
465,0
464,2
463,4
463,1
462,3
462,0
461,1
460,4
460,1
459,3
459,0
458,27
458,24
458,21
458,19
458,16
458,13
458,10
458,8
458,5
458,2
458,0
457,1
455,4
455,2
454,3
454,0
453,2
453,0
452,1
451,65
451,63
451,60
451,57
451,54
451,52
451,49
451,46
451,44
451,41
451,38
451,35
451,33
451,30
451,27
451,25
451,22
451,19
451,17
451,14
451,11
451,8
451,6
451,3
451,0
450,3
450,0
449,2
448,4
448,2
447,4
447,1
446,4
446,1
445,4
445,1
444,4
444,1
443,3
443,1
442,3
442,0
441,1
440,4
440,1
439,4
439,2
438,5
438,2
438,0
437,3
437,0
436,2
436,0
435,2
434,5
434,3
434,0
433,3
433,0
432,4
432,1
431,4
431,2
430,5
430,2
429,5
429,3
429,0
428,1
427,5
427,2
426,5
426,3
426,0
425,5
425,2
425,0
424,3
424,0
423,3
423,0
422,1
421,4
421,2
420,5
420,2
420,0
419,3
419,0
418,4
418,2
417,4
417,1
416,6
416,3
416,0
415,4
415,2
414,3
414,0
413,2
412,7
412,4
412,2
411,3
411,0
410,3
410,1
409,3
409,0
407,2
404,2
401,2
398,2
397,5
395,5
395,2
395,0
394,2
393,5
392,4
391,7
391,4
390,2
389,2
387,6
387,2
386,2
384,2
383,5
382,4
382,2
381,3
381,0
380,3
380,0
379,3
379,0
378,5
378,2
377,4
377,2
376,8
376,5
376,2
376,0
375,3
375,0
374,3
374,0
373,3
373,1
372,5
372,2
371,4
371,2
370,4
370,1
369,5
369,2
368,4
368,1
367,5
367,2
366,5
366,3
366,0
365,4
365,1
364,8
364,5
364,2
364,0
363,4
363,1
362,4
362,2
361,6
361,3
361,1
360,5
360,2
360,0
359,2
358,3
358,0
357,4
357,1
356,3
356,1
355,3
355,0
354,3
354,1
353,4
353,1
352,4
352,1
351,3
351,0
350,4
350,1
349,5
349,3
349,0
348,1
347,4
347,1
346,4
346,1
345,6
345,3
345,0
344,4
344,1
343,5
343,2
343,0
342,3
342,0
341,5
341,2
340,5
340,2
340,0
339,5
339,2
339,0
338,2
337,4
337,1
336,4
336,1
335,4
335,2
334,4
334,1
333,5
333,2
332,4
332,1
331,5
331,2
330,8
330,6
330,3
330,0
329,4
329,2
328,4
328,1
327,5
327,2
326,7
326,4
326,2
325,4
325,1
324,4
324,1
323,4
323,2
322,4
322,1
321,6
321,4
321,1
320,3
320,1
319,5
319,2
318,4
318,2
317,4
317,1
316,6
316,3
316,0
315,4
315,2
314,5
314,2
314,0
313,3
313,0
312,5
312,3
312,0
311,3
311,1
310,3
310,0
309,3
309,0
308,2
307,4
307,2
306,3
306,0
305,4
305,1
304,3
304,0
303,3
303,0
302,4
302,2
301,4
301,1
300,6
300,4
300,1
299,3
299,1
298,5
298,2
298,0
297,4
297,1
296,5
296,3
296,0
295,4
295,2
294,8
294,5
294,2
294,0
293,4
293,1
292,4
292,1
291,3
291,0
290,4
290,1
289,5
289,3
289,0
288,4
288,2
287,5
287,2
286,5
286,3
286,0
285,3
285,1
284,3
284,0
283,2
283,0
282,3
282,0
281,3
281,0
280,3
280,0
279,3
279,0
278,4
278,2
277,4
277,1
276,3
276,1
275,6
275,3
275,1
274,6
274,3
274,1
273,6
273,3
273,0
272,3
272,0
271,1
270,3
270,0
269,3
269,0
268,6
268,3
268,0
267,3
267,0
266,4
266,1
265,6
265,3
265,0
264,4
264,1
263,6
263,4
263,1
262,6
262,3
262,1
261,7
261,4
261,2
260,5
260,2
259,4
259,2
258,4
258,1
257,4
257,1
256,4
256,1
255,4
255,1
254,4
254,2
253,4
253,1
252,3
252,1
251,3
251,0
250,3
250,0
249,2
249,0
248,2
247,4
247,1
246,4
246,1
245,3
245,1
244,3
244,0
243,2
243,0
242,2
241,4
241,2
240,6
240,3
240,0
239,3
239,0
238,2
238,0
237,2
236,5
236,3
236,0
235,7
235,4
235,2
234,5
234,2
234,0
233,3
233,0
232,4
232,2
231,5
231,2
231,0
230,4
230,1
229,3
229,1
228,5
228,2
228,0
227,3
227,0
226,4
226,2
225,5
225,2
225,0
224,3
224,0
223,5
223,2
222,4
222,1
221,4
221,1
220,5
220,3
220,0
219,3
219,0
218,3
218,0
217,1
216,4
216,1
215,6
215,3
215,1
214,4
214,1
213,4
213,1
212,3
212,1
211,3
211,0
210,2
210,0
209,2
208,4
208,2
207,3
207,0
206,3
206,1
205,4
205,1
204,3
204,0
203,4
203,1
202,7
202,4
202,1
201,4
201,1
200,3
200,1
199,4
199,1
198,3
198,1
197,4
197,1
196,4
196,1
195,4
195,1
194,5
194,2
193,4
193,2
192,6
192,3
192,0
191,3
191,0
190,4
190,2
189,5
189,2
188,6
188,4
188,1
187,3
187,1
186,4
186,1
185,4
185,1
184,4
184,1
183,7
183,4
183,1
182,4
182,1
181,5
181,2
181,0
180,4
180,1
179,4
179,1
178,5
178,2
178,0
177,5
177,2
177,0
176,1
175,4
175,2
174,7
174,4
174,1
173,5
173,2
172,3
172,1
171,5
171,2
170,5
170,3
170,0
169,7
169,5
169,2
168,3
168,0
167,2
166,6
166,3
166,1
165,3
165,0
164,3
164,1
163,6
163,3
163,1
162,4
162,1
161,6
161,3
161,0
160,11
160,9
160,6
160,3
160,1
159,3
159,0
158,3
158,1
157,5
157,2
157,0
156,4
156,1
155,3
155,1
154,3
154,0
153,2
152,3
152,0
151,2
150,5
150,2
149,5
149,3
149,0
148,12
148,10
148,7
148,1
147,3
147,0
146,2
146,0
145,3
145,0
144,3
144,1
143,4
143,1
142,5
142,2
141,3
141,0
140,4
140,1
139,4
139,2
138,4
138,1
137,5
137,2
136,6
136,3
136,1
135,3
135,0
134,4
134,1
133,5
133,2
133,0
132,3
132,0
131,4
131,1
130,6
130,3
130,1
129,3
129,0
128,6
128,3
128,0
127,4
127,1
126,2
125,6
125,4
125,1
124,3
124,1
123,11
123,8
123,5
123,3
123,0
122,9
122,7
122,4
122,1
121,8
121,6
121,3
121,0
120,8
120,5
120,2
120,0
119,7
119,4
119,1
118,11
118,8
118,5
118,3
118,0
117,3
117,0
116,5
116,2
115,7
115,5
115,2
114,5
114,2
114,0
113,2
112,4
112,2
111,4
111,1
110,3
110,1
109,3
109,0
108,3
108,0
107,1
106,3
106,0
105,2
104,4
104,2
103,4
103,1
102,4
102,1
101,2
100,4
100,2
99,3
99,0
98,2
97,4
97,1
96,5
96,3
96,0
95,5
95,3
95,0
94,2
94,0
93,2
92,4
92,1
91,9
91,6
91,3
91,1
90,6
90,3
90,0
89,3
89,0
88,1
87,3
87,0
86,3
86,0
85,5
85,2
84,41
84,39
84,36
84,33
84,30
84,28
84,25
84,22
84,20
84,14
84,12
84,9
84,6
84,3
84,1
83,9
83,6
83,4
83,1
82,5
82,2
82,0
81,4
81,1
80,6
80,3
80,0
79,4
79,2
78,11
78,6
78,3
78,0
77,2
76,6
76,3
76,0
75,4
75,1
74,7
74,5
74,2
73,7
73,4
73,2
72,7
72,4
72,2
71,7
71,4
71,1
70,6
70,3
70,0
69,5
69,2
68,6
68,3
68,1
67,7
67,4
67,2
66,4
66,1
65,4
65,1
64,5
64,2
64,0
63,2
62,18
62,16
62,13
62,10
62,7
62,5
62,2
61,8
61,6
61,3
61,0
60,2
60,0
59,2
58,6
58,4
58,1
57,5
57,3
57,0
56,4
56,1
55,5
55,2
54,6
54,4
54,1
53,4
53,1
52,5
52,2
51,7
51,5
51,2
50,6
50,3
50,1
49,6
49,3
49,1
48,5
48,2
48,0
47,2
46,3
46,0
45,7
45,4
45,1
44,4
44,1
43,11
43,8
43,6
43,3
43,0
42,4
42,1
41,4
41,1
40,5
40,2
39,4
39,2
38,4
38,1
37,4
37,2
36,9
36,6
36,4
36,1
35,6
35,4
35,1
34,4
34,1
33,7
33,4
33,1
32,8
32,5
32,2
31,4
31,2
30,6
30,3
30,1
29,3
29,0
28,5
28,3
28,0
27,23
27,21
27,18
27,15
27,13
27,10
27,7
27,4
27,2
26,20
26,17
26,15
26,12
26,9
26,6
26,4
26,1
25,23
25,21
25,18
25,15
25,12
25,10
25,7
25,4
25,2
24,7
24,1
4,2
3,4
3,1
2,114
2,111
2,107
2,105
2,102
2,99
2,96
2,94
2,91
2,88
2,86
2,83
2,80
2,77
2,75
2,72
2,69
2,67
2,64
2,33
2,30
2,28
2,25
2,22
2,20
2,17
2,14
2,11
2,8
2,5
1,7
1,5
0,510
0,494
0,489
0,480
0,472
0,465
0,458
0,454
0,448
0,445
0,411
0,383
0,376
0,367
0,364
1,1
1,8
2,0
1,0
0,276
0,275
0,369
0,274
0,352
0,273
0,315
0,272
0,484
0,271
0,509
0,270
0,355
0,269
0,434
0,268
0,267
0,333
0,266
0,470
0,265
0,428
0,264
0,479
0,263
0,419
0,262
0,386
0,261
0,477
0,260
0,392
0,259
0,415
0,258
0,257
0,344
0,256
0,358
0,255
0,378
0,254
0,475
0,253
0,347
0,252
0,357
0,251
0,346
0,250
0,508
0,249
0,399
0,248
0,473
0,247
0,317
0,246
0,366
0,245
0,244
0,485
0,242
0,312
0,241
0,442
0,240
0,239
0,395
0,238
0,311
0,237
0,504
0,236
0,375
0,235
0,319
0,234
0,365
0,233
0,503
0,232
0,385
0,231
0,497
0,230
0,363
0,229
0,384
0,228
0,372
0,227
0,412
0,226
0,314
0,225
0,471
0,224
0,511
0,223
0,430
0,222
0,498
0,221
0,501
0,220
0,341
0,219
0,429
0,218
0,410
0,217
0,426
0,216
0,440
0,215
0,425
0,214
0,496
0,213
0,413
0,212
0,422
0,211
0,391
0,210
0,406
0,209
0,407
0,208
0,468
0,207
0,404
0,206
0,424
0,205
0,313
0,204
0,362
0,203
0,409
0,202
0,403
0,201
0,320
0,200
0,359
0,199
0,436
0,198
0,371
0,197
0,418
0,196
0,345
0,195
0,417
0,194
0,461
0,193
0,402
0,192
0,63
0,332
0,62
0,343
0,61
0,338
0,60
0,396
0,59
0,500
0,58
0,439
0,57
0,370
0,56
0,438
0,55
0,505
0,54
0,495
0,53
0,306
0,52
0,491
0,51
0,435
0,50
0,405
0,49
0,427
0,48
0,493
0,47
0,400
0,46
0,45
0,462
0,6
0,5
0,1
0,431
0,11
0,4
0,2
0,3
0,7
